# Generated by com.rapidminer.test.ExampleGenerator
#   function type: 7
#   error:         0.0
#   #examples:     500
2.522083547289583	9.912065503359614	5.473720580830043	9.708924141647504	3.0557766287743124	3.3799948166752247	negative
7.858883146237786	7.722865388099414	6.13709246873177	5.414699515553134	4.3163943837465375	5.141431879330795	positive
0.1167191635921494	5.276446245711586	0.9009018986167783	6.577495983497045	4.379008148749691	2.075299341314812	negative
1.913008052769325	7.986333514757536	3.7860949007086484	8.89931808628207	0.9097371366327645	6.28341338909567	negative
4.923303445642853	2.889412836205304	9.938023993169988	2.1456857573922052	2.630899809938666	7.8944780473699225	negative
8.0946616930892	1.3741095704530681	4.541261471707985	0.36928659415685683	2.8210778139235693	0.7731714740405626	positive
0.8562716809963122	5.497406929955765	0.2610421142644559	1.7116569390351732	7.141158512862438	7.053509764343099	negative
9.454330086525374	9.763730838110094	9.87130778564143	5.705405724996795	4.958138259564336	8.023387765963204	negative
0.21218605575544336	5.009957812172157	6.989404070312606	7.554675418157448	3.8134675521354655	8.200470705316562	negative
8.701602436247791	4.535903521110657	5.7188409725462295	3.6339693856803312	7.025673154237158	9.335097363326529	positive
8.374761528844457	3.5212659906874624	8.745055735794233	7.373126685737002	7.540793287181185	4.464993936478759	positive
9.919136934007932	7.514292210821077	5.419221251251862	4.279603675946156	4.280829528295973	2.2798581471032686	positive
6.838559445066003	2.021516843467026	2.770071410652164	7.401093361593407	3.9191342875662194	4.288807154584534	positive
8.926862226631433	5.7224931958228105	3.849428419333625	1.6162196357562952	0.20012361185251182	0.4773261750702684	positive
3.0530873770447364	8.927334683541517	9.004147817077587	1.9950434294422759	9.743425686890921	0.14178764272941513	negative
5.182859718777751	7.335506533193762	8.356608019537362	4.703732627207145	1.6580259720807444	2.7476465623545554	negative
7.198883377008033	0.7854534800294277	1.7088413246999257	8.72892146836972	4.337410667969955	8.194080292011968	positive
1.1463541334051708	5.080933203639405	1.6375958316873995	4.215984531821542	8.587424950999988	7.407360877170869	negative
1.8058422385338635	0.9943014638362535	9.777651544899905	9.710781242241513	7.22543973166812	2.664880082595642	negative
5.600779528372536	9.185304736807753	5.839262406372491	3.398080185585183	6.476555165176105	1.6783093427696028	negative
4.5744657657266705	2.7483535112714463	6.658999300942461	4.696801933096614	6.773766154905307	2.3185258811281386	negative
2.1132795304184473	9.851318030350413	4.953521965903209	0.23330792963587976	5.840090629178411	8.191680580539126	negative
7.1694990878444385	1.8370207619853518	3.5556924287985767	4.482628925838749	3.8311080580368095	3.4383255336162066	positive
0.2572280888112022	9.123910717540223	1.9125413799542068	6.588797213105943	8.462553023968189	5.638063249657579	negative
9.772981597728814	6.714550182761053	5.806270928321303	7.444706074171825	1.0459220940225566	9.681575017962498	positive
6.706210071603962	1.1324879929345466	6.565124912392219	1.6267452242552705	4.82219394082083	6.326980246196392	positive
9.304193225882319	4.284671190458463	0.001065872508770882	2.526684004073764	4.237650950476249	9.202784434591042	positive
3.1748793057697835	5.202325724195425	3.4441626143796213	9.339800847575878	0.8291462473123745	2.2075679101019308	negative
7.275235040142799	3.0920498833250742	6.183018861441147	6.552804584722395	6.101514962186979	9.117230549262466	positive
4.381495475125776	7.673120364140393	2.5209608207873755	2.0641626203628274	8.61262473956647	2.541200717525196	negative
4.9346799578346126	2.6542822697486113	5.518202082981877	6.729942637744535	3.62540361748682	6.1483473536667805	positive
8.779727076203322	9.75348370905283	9.18247052448155	3.955033209790122	5.421825989544047	0.5260953953663816	negative
9.683245415095731	1.1691666527512878	4.025177337177586	3.3949733411841834	0.23094480281695695	5.638689924301891	positive
8.38828477235597	2.027256187228744	9.752920088960877	6.232897961369421	5.211204630933478	4.7161353771056005	positive
8.593926804719981	0.052130112849396726	9.60123858439357	7.3903358166002775	8.000529469169821	3.0775119554879504	positive
8.364608696759499	2.805017378979442	7.8968939915407965	2.4260648249910655	8.703978172224065	0.8580009979875347	positive
5.447382648154473	5.051444832952462	4.796323395694241	8.417873013448178	7.943364755954846	8.074401400917639	positive
7.345464078805168	1.2199516448920267	3.165016814933356	9.589157833791464	2.802825837474833	4.942538057588735	positive
5.0581999179453785	1.0015304723325613	6.024861900838248	8.932728331807825	0.45562854011298004	9.047689239286397	positive
2.42889519472004	5.482950221725369	2.3483409441368455	5.656667690102997	8.372308443181355	2.8223054234643863	negative
8.219410410473168	2.6482134665857715	0.47868271272448637	4.792568182176053	9.655407190861387	2.652004383790504	positive
8.008332264874555	8.062889586227085	4.859335065619171	3.6269062099024882	4.475791843601385	2.0252995386358927	positive
7.575386910409332	3.049063702472763	1.560715507456315	2.2636591712828036	4.678965057481541	8.588640788424566	positive
1.594244139518367	8.613537332208876	6.3157845805881045	7.440131539400095	6.026657506721449	8.57658625562206	negative
6.734942142324465	5.545379001116996	8.693747756060535	7.989159698515287	6.211388604965659	2.466375100846374	negative
6.968850290201444	0.44141870555938767	7.222455238658794	9.334403809684185	3.019058073390447	4.250396755286752	positive
4.388692759513687	5.542288518952341	6.708818955965513	7.124871136881374	5.235936530874579	4.943760321935439	negative
1.3060650696312437	0.2558535020161623	2.0713143727714156	3.596728248272758	1.6409736891912596	6.084268197924601	positive
1.8729565025074513	5.735834913993012	7.365585282518382	6.615922421348822	3.310368004163513	8.715258834670129	negative
7.636811757541438	4.263635752303808	5.355460517189485	1.2819333926770982	7.839077380240276	0.9069640323285155	positive
6.1457401540077665	8.000513128404444	1.9275748447606633	8.190441586627637	4.546797345278969	8.825127904371843	positive
2.7276219298942905	6.610628876520809	5.549442240831911	6.297879677462314	0.5919740528589912	8.619791871821622	negative
2.471653490641308	8.001124045068899	9.977797252737503	5.342955677339218	1.1595781517815396	0.22073933854280803	negative
7.140307533822105	1.3187648489369974	2.777876611140907	6.747149465747645	7.140481559792739	1.9269734490881196	positive
9.058483362544074	4.4162091446489	9.027590894625462	2.724591515393878	9.072534161455545	6.900781814639483	positive
4.118459863630517	3.651214483380146	5.997465964049956	0.41021485551766546	3.6992880456673474	9.879032996879761	negative
3.599076630824035	4.247762253107783	4.8687502804289906E-4	5.8963690876277095	2.1053920089312648	3.0770620661333306	positive
5.762360165416963	6.036225998210904	7.470671153903435	8.434873879342309	9.305837992132476	3.061651813340145	negative
3.1422515907726947	3.4281706415468802	0.7636753636689886	6.377015660674377	1.9961912680998983	0.6486687642440825	positive
3.5611078593831405	1.9104572604309134	6.122210064862701	2.686851819296714	5.115648856649052	9.462731327484757	negative
0.28357094684024253	8.298893234907597	8.776481766036024	6.962543431252569	3.6121210329350593	2.275087896802215	negative
9.196631071471094	5.068427684385872	3.145703818786191	5.686051731848965	7.888239529191926	9.25790527776017	positive
1.5126164962719368	7.598532647552872	2.2160132383081423	7.1398443404842125	6.64982443225433	2.315248337568269	negative
5.159774709555202	4.132651975245647	7.664482365220766	5.814874898535946	1.9779582631700299	1.0885811650348465	negative
6.2032781860424056	6.526713329918471	9.0564430744487	8.383019157705546	5.765588912660226	1.8509287085086945	negative
1.2586110258232674	0.7394617951682103	3.138782333174337	7.595972690277164	4.796499328258527	1.329658936744157	negative
5.556674346135331	8.004283626309325	5.295663202247917	5.625109804310701	4.087659905680191	0.507743840535908	negative
6.782024540960235	4.962624871543894	5.936091438260128	7.6971192613644845	3.489817495987788	5.663030218595429	positive
0.5155205575981747	1.2833663828901976	6.460392922209336	9.249082811235242	1.4725617462323037	9.49107339995779	negative
1.7297247192458343	3.70851173533023	1.5207445898272665	2.174753351766391	6.106241668364367	0.638164186736373	negative
1.8207217927057595	3.0199193647911473	2.641164542053808	2.643857777363853	9.543920368839434	3.4275456130420823	negative
8.049180139425635	3.4944030692193264	5.145299046239695	1.9030180039003453	5.553385190043981	3.3067118284506494	positive
6.876057421286699	0.34777968648943114	3.4185763331419308	3.4211390701487145	3.708755230618465	5.598582446191134	positive
0.740293857853036	1.6909347328652524	7.905756113574743	8.58346765751514	4.471191164071033	3.3019618479517954	negative
9.669198223764635	2.5214007423072915	9.292174772405541	2.577810854510023	6.039176168684637	2.9182915863944414	positive
2.6034678429763636	3.3398047336110928	4.315082746969713	7.967405220132811	0.20318623335850217	2.577843140457672	negative
6.754847783924482	6.553171515302275	4.607462379406185	9.6014648417956	7.5372844122325215	5.584696184176586	positive
7.513318347237967	9.761613873408015	9.008273465849525	4.56720090330371	1.337478876730498	9.451335338204395	negative
4.1701525113098015	0.7825962721978574	9.832706980127941	3.2317525160785108	9.111963197667617	7.35566227385564	negative
8.689687516807483	0.9026810454047385	1.2646124488430888	0.14780848072307173	6.916758531845492	1.4757970337766846	positive
4.399081902216516	7.394734571198481	9.547089138322281	6.3799675181398925	5.176056594818434	7.597463041796695	negative
7.394553721350723	3.634316541262539	1.2598922131688262	8.481695423394243	1.0798055107763394	4.2237251458693725	positive
6.250389791608826	3.0639025565842113	5.190672977453112	9.73957369436568	4.552807822558556	5.946944348044523	positive
6.78645253125456	0.7574313325807014	9.477850433155995	0.36990657719206954	5.386799848223525	3.332456127907988	positive
3.225895751322445	4.739255154135627	6.8638369233851755	5.651074983941662	0.13675353001015855	6.033764640205645	negative
6.885374371489195	0.36743982142292353	4.744565696285759	4.7731461497332015	7.781807118259687	5.565715985790628	positive
1.9388369423346319	2.3087543900121266	6.96207803074672	1.6691774697445672	1.1056835574166846	1.236934460132153	negative
2.4068105562895905	7.430804373682514	9.724206282708188	5.39747205911688	6.536729228737289	1.4118430919046998	negative
3.0463186230526915	9.768202603051533	5.748111982678621	0.46590812853412156	1.3896868477255586	4.0033761913439045	negative
1.8734297250847143	1.190659595634791	9.345440265672018	3.421095244309819	3.6739934304895785	9.4638523822759	negative
4.479563631612091	3.467250461437641	7.997355936187951	8.731217663408188	2.377315590077138	0.532765690888668	negative
6.2603257666606265	5.473881863574405	5.024690776721599	9.757246466136106	0.4463552328969811	8.938914355829551	positive
4.3286432066548315	7.983084288941439	3.349311176275126	5.73739957781893	0.6279512487437011	5.42346792964196	negative
9.422120143901976	8.578646130196589	9.318824906901423	7.692263441971906	6.221140755748199	5.97067463923721	positive
7.246279098381571	3.7571349060907497	6.043974184209607	1.443898834646874	6.657644686572429	0.5637608740918743	positive
2.7284633096102775	4.486543108040115	3.9730286508833856	4.6308566194632	6.426600780332828	6.366293453150783	negative
9.70354798652312	3.4866268129944866	2.2508277804053236	2.2570346721576753	5.010943131426673	9.619221542226272	positive
8.333424863582499	4.317142254075442	2.5205750205695256	0.5785508626877234	8.51703612185841	9.324011769322414	positive
1.7280220918713374	7.650894117684651	2.4835741645916998	8.740842873422487	0.005148001946375658	2.983426901798334	negative
1.0523846094759026	2.719590564720363	3.5247082837371457	8.794999724522892	1.7420026215475715	4.963111712301467	negative
4.094950370386412	0.8256136197370578	9.755752053396508	6.210414885285575	4.261448968870615	8.190994115437393	negative
8.239642885034579	7.113349373241489	5.20743748984938	8.505324570822424	4.997987895953953	2.576704868290892	positive
3.381146126098069	5.54374077332398	0.6335616755842111	4.831281681011564	6.788602243825521	1.2992242112329655	positive
1.767030862892901	2.0301097867940863	8.15795731997	0.7477820253911316	1.4269728380979163	5.2730139917566445	negative
3.2296959852911735	6.440970312511524	0.4893071058022658	7.7948478717178995	4.672152643955658	5.480737521248958	negative
1.2081110732479394	7.296699225387478	2.7206675279048875	1.2965064262116976	1.5275304973635795	1.4605782410503398	negative
8.855599278122863	4.91077233603585	7.70219279953741	2.631610907117464	2.9022769838635396	2.481758083180142	positive
3.7376325270607924	8.303530049340242	7.789153368651476	1.4032274600329508	2.2765671205134206	0.6387793410039233	negative
5.83584183664276	0.2179570535154962	5.78695465384167	3.6456962527976646	3.446548739614813	0.23013572529921533	positive
3.7589877162647225	2.337736144789393	0.4314959388458217	9.970864161212086	5.633269699056212	3.702613794717191	positive
1.003879907153984	2.302612214323209	1.2928501744110787	0.7846000022649313	0.08442037247019529	8.858556562803185	negative
4.664550069785575	4.981239274147587	1.9911922759295908	4.167617041844641	9.414777873251046	9.82889476021937	positive
7.583427688518252	0.7640927082724602	7.4874937352503395	8.569221569840547	4.85588990097043	6.9702000181277715	positive
0.7997028558081842	0.28197168910895853	8.087791644190228	8.719293364661318	9.092826828548331	8.692927391614656	negative
3.1689505721315037	3.7573469658603953	5.347338615395724	5.667319513091805	5.169304943664608	7.938613016943934	negative
0.1196194752936075	3.0454983536124844	2.916852454812271	3.8304574642306513	3.8531327821071293	8.826812223904062	negative
4.7532670356600875	5.864700835031954	0.0883658804973253	2.558184356183568	4.937936364445234	1.3168164592496734	positive
6.270691040408746	8.752213891462334	4.148524002540364	4.375779615464906	1.1693595336851592	8.273282229362364	negative
1.5227721430409136	0.12260296457454967	1.5996722556831755	8.861114019063013	5.690981422075307	9.542388805879561	positive
3.06193827859935	8.713793373105414	3.8702098262604236	7.509522548961158	4.149644910822565	0.056509761792501445	negative
2.738436531791356	2.0757342662873324	3.74577509323888	9.232472629737003	3.894921143054116	3.6690136462292933	negative
8.275538516831952	4.917018036150582	4.827404935119603	5.845108748248524	6.588151900356475	2.471520724452416	positive
3.6900208061689566	2.3851059706101605	0.9809689394742771	4.3167151038961995	3.032284739263398	1.0279862686943508	positive
7.3532943662913395	0.18264941100561094	4.697671850718804	9.883547095574759	4.662924050761474	7.718368591163458	positive
8.78977702231444	4.610796325841022	1.3151131655269765	1.7005453771279644	4.967276540371365	0.8164802404413907	positive
9.134693329053448	6.754539813905441	5.38934580512623	7.288295195767277	7.824277299972752	4.251432405357349	positive
3.5419352519439338	0.39609576163289195	4.972700635760038	7.894850740408737	6.275525436846764	2.5077186702081278	positive
5.05320730373401	7.0363268220796975	9.086218805027412	1.1277959784008362	6.968532106389525	0.4972666409993265	negative
9.910865883050516	0.564050552034141	5.527580734036225	1.3784971738953467	5.3663148013403354	4.660130465281933	positive
3.155404528035066	8.06021972827618	8.753138617671373	2.3920783870246245	6.437361732836292	4.779216468483694	negative
5.883131114555096	6.3594747376447796	9.649698566396069	5.097477513513353	4.061689027956864	4.740317612453491	negative
8.220814269379527	0.3987045530166844	2.4599503891820715	9.336870207960747	9.764420937735228	7.680182048855848	positive
5.489553262427619	5.082967949613691	7.486778545804525	4.532064233612969	8.84319604045362	1.634276245986176	negative
6.9515627461236456	8.953362876779622	8.65103143473451	2.761735221437301	3.0429817309097764	5.326842723077796	negative
0.7796154502794916	2.1155918998936727	5.0859438368029455	0.6270265036354461	8.102858686597045	2.8625362315221925	negative
1.5856011210263876	8.55705236785361	2.4570557491923815	9.775756853401912	6.039562379663744	1.6834897031464113	negative
0.12230475882173852	1.3646307735353114	4.944438616802403	0.22290522361760878	0.6531529481019216	5.491237346528303	negative
8.875645115853017	0.13182068621191978	1.4806349467287228	1.376845865798001	0.05125500171005326	3.7392469602074554	positive
5.489121689268348	6.6070708331502335	9.915322298891603	5.920814637073932	0.5179667270168209	9.289921873707309	negative
2.77124400069519	1.6242804378287279	6.947840175157238	1.044260797633545	4.414649384246239	9.140523968150864	negative
5.14422576492784	1.2965776704690923	8.277350323416092	1.9440083846890577	4.043085935986649	9.868980297330209	positive
5.540970313181331	2.805621453345637	2.5568621172338455	2.137537237757404	5.531691449606331	2.38644702257624	positive
2.3552746102017097	6.954116562266625	5.14615636121044	8.005049060195619	7.874867424246616	8.970043681159542	negative
1.76659178059553	9.831643538893035	7.220454461828326	3.1716099238234055	4.386000230665456	4.0378710684047014	negative
7.621788277431643	4.197939052075892	3.737933423322243	3.5200950781985085	2.9472839116017013	5.50964559845002	positive
4.515989083223587	7.109539100457672	8.731371680693238	8.804122934802814	0.47938890638635767	0.7032982633897111	negative
3.6149882999305416	3.295241473410133	2.8224727168834174	4.897604910902755	7.72212316064836	9.71248411396069	positive
1.0350851584777832	3.2567755512763874	6.314491547010773	4.777153082108078	2.713580859571291	9.914250736640177	negative
2.9969192863005323	6.438878318600473	7.388795163424495	7.827396339934291	8.32016193869355	0.13158855661314806	negative
3.06335557106588	9.851227396206628	0.29424665641570646	1.0959484183466117	5.361178412304518	8.788753552269618	negative
8.843888979304404	3.965373779713236	3.806602027983792	9.361035619353583	8.481774283127795	9.548408643237753	positive
2.0386758166157537	6.1923109490284	4.523630481449041	5.739721381607982	0.39130819949100504	3.848724952290109	negative
2.190249268363619	4.726117286462934	9.15700166804694	4.553204339445422	5.466552248443339	6.779822617925014	negative
3.2750342534257504	7.695687317871471	0.7074082314245966	2.365638799774433	5.111332267699585	9.093129374421979	negative
7.727447644503929	3.686821828848804	4.826848492657781	4.067026671323701	0.849763783903591	1.988554156774539	positive
3.0245719102166504	6.94824717996076	5.817020181376883	8.312355973848472	6.522579003195396	2.865377662292725	negative
5.777965774971168	0.5395978004825341	4.65668547171667	0.569112938828692	6.8492234706380195	8.989521896887362	positive
4.1207151732267295	4.3184809230857795	3.0415315876343083	2.1028391125701607	4.7249678675018405	0.9660239063130049	positive
9.99589351448946	3.239589973257355	7.990607223053962	7.180785385296534	8.313576254730718	8.65198483446995	positive
6.68290423198158	3.656591277037242	0.34511624556681	3.3007508319081524	6.996219977819878	3.4694875522089608	positive
6.850849165740042	2.5900838436300466	2.828999579477877	3.532872289318095	9.15994364501769	8.294503878814195	positive
0.7803278759113763	9.679237729525061	6.997991568359341	7.546927680479596	0.2632969334013868	7.769169590773837	negative
5.69887348882514	4.556048440216308	6.207451140368691	8.008607507440242	6.047034854881337	7.028980601987237	positive
4.7306711730995845	8.60972047936203	9.29919415999914	8.792899054640106	2.117833541531895	7.305613013128367	negative
0.34571649214329647	8.239789711689324	0.03631916818136793	6.062306797000997	4.934544209198907	1.4973789042916064	negative
1.1724567181192502	6.373648077781674	0.09463873753812746	1.9010718080738243	2.43838168100575	8.377647769995006	negative
2.5212153713746632	0.35098402725003974	5.39834129988937	7.674143074268455	1.2801008405980785	9.119943584711084	negative
9.612086325638833	7.814285422701969	9.18478381692503	6.984070109466087	8.298767813605657	0.3908974573944102	positive
0.00863304046852531	3.5878699452362195	6.02298468656262	4.240755220253654	7.674081909858121	1.6903201799602263	negative
8.818977646028918	2.0162730696162834	0.9789617720539989	2.040388977607377	1.9860790699388575	4.1995298259956515	positive
2.554035308552487	2.2515686200493445	8.986269019441814	9.798636893151013	4.2669028084465275	4.358219445680895	negative
1.3277224822742406	8.780365038563724	3.0477784071712968	9.88538674680667	4.539715339488334	0.027293014521152514	negative
4.705897564669104	5.369887248709216	4.117770199810317	0.31700684367398146	5.303335236354854	8.275171931247616	negative
0.10225316174165555	7.7881429945096246	1.9044712213517634	6.194863368748366	7.764365937306186	9.33815143590571	negative
8.835831038158746	5.932799942771627	1.9702621490147199	0.8576932138399529	7.188116860316688	7.5782457664862015	positive
9.914602154179434	8.090983271239875	6.357995058337798	7.135912435054037	4.768200546543941	2.334292877917296	positive
3.5429429340069585	5.955126567452615	7.203646418584688	5.253729947496076	9.854516746087356	7.1788791351474535	negative
2.574734137267204	1.652258082360808	1.165891209186215	1.863061279714121	9.930255814386879	5.202868162328843	positive
2.0660831052848994	5.992483173516206	0.8788443194551099	9.271875288123134	8.724208459514774	9.831458421170229	negative
1.2966601802560052	1.0099779567340061	5.10847304957448	8.75729860677026	2.0989922958588614	4.36915180876218	negative
4.182940096795721	5.547899737582219	2.318308920626957	2.256895358922378	1.508216445349917	3.094988852639734	positive
9.271836764922408	0.29674680027735656	4.736021942874098	6.1755787437056595	1.652036612348483	1.7432783889042425	positive
0.16928581243931484	7.215841435562428	2.080664396277596	6.360718060134123	4.623939415038994	6.580899663247472	negative
6.109765460096107	8.286613280313361	3.22981396391497	2.4966838211295626	0.7837319274185783	8.014465005940083	positive
0.8760260781408724	3.2087437980922164	0.2743219583511791	7.584721664071834	2.555239093240246	0.9042388817438118	negative
1.957478478354635	6.609569253015433	9.481897298764949	5.077544177599379	3.6045658103312195	5.538544157781029	negative
7.850211526039258	2.483355488670095	4.299161324523169	1.04949770307047	9.367930711084286	4.221489868894505	positive
7.677749720221174	0.4032087584720223	5.647385416804712	9.39767415074023	6.000844040637402	8.2133678693455	positive
8.016727031742645	0.5086871111242697	2.4006252441120726	9.788177638819235	1.4621342792497993	3.437012932389246	positive
3.8976663518140366	9.420308885276212	8.160124511064431	4.037391697891925	5.9738841535877185	0.217577016910373	negative
9.931611823534947	0.8664448998940777	1.7347677269524553	3.6653633309639977	0.9899649669419175	1.9764363362682291	positive
6.575669697626131	6.78745394898843	2.2252208090872694	2.420879699971883	0.7090545903437728	5.720505816554161	positive
1.5412786457330285	8.514516585863126	4.407539437188223	3.076098147759194	9.02986056697667	7.437710680893785	negative
0.11105674439417568	9.363720975565771	8.901066194344683	1.5145081492305301	2.863419623110527	7.117500485089884	negative
1.103440922874096	2.434132004317011	1.9422944414767962	2.294212146122728	0.2691023770657386	2.01127392104264	negative
5.163778108815835	6.973966876798258	6.44397022273122	1.3046181263720646	2.5476103003549944	4.312320949112836	negative
4.158192732830902	0.3752524721276085	7.465297643838165	4.726482493335061	7.6291639131512055	8.97584203677327	positive
0.08641108103378037	9.026358129105311	9.08878294806253	7.131251877506713	3.8475705388894363	3.706936651273658	negative
5.738083671336214	8.959826899023266	7.54278331705935	7.991941684975268	6.843574916469094	6.085542730008604	negative
6.110458914074572	2.3500441162506966	0.9512643918319164	2.4130396520290343	2.2135589584743953	4.363084480468494	positive
1.2745597541935783	8.039796218197191	8.861520166694202	0.38156163781552177	0.6778962446605674	3.6209274174077266	negative
4.685395266898458	7.031726417852472	5.428423254175357	9.395227451168612	6.9594711659170025	4.10731111329885	negative
4.638957050014127	2.070904348807673	2.9682510861152425	2.6534874438597034	8.322811528493558	2.228126671437043	positive
4.244638104328956	0.9584445722053125	0.1013783165317339	5.063065757769075	7.8812136462503695	8.843499937133489	positive
2.537211142125797	2.5829872547380073	9.065940833476079	4.667732736490146	2.8946313468507165	5.45804191157984	negative
5.365182792273418	4.40107093039691	8.565017643822667	2.9055947294285422	6.628260916756512	0.039505578134263475	negative
0.990248405777503	2.4247474465172925	6.744392963260601	5.540318815302068	4.186844308316118	9.775790557866067	negative
1.0879560430403301	3.855431309115329	7.26709001585659	5.753180451027341	8.051193122754283	4.136593899639572	negative
9.152014951020398	3.252065560254068	8.68108281532451	7.8724819554320025	2.419587250813471	2.4681175779430777	positive
9.95883602222541	7.3960288489655746	1.8773888906816727	2.2525772481885187	8.99719143829813	1.7048303625375605	positive
5.363440851281687	5.223454805198423	6.310449327432908	1.3518277990585037	4.162726726338252	5.655471912756625	negative
6.114238968796868	9.735198922274499	2.0601487670626364	8.836243058104307	7.726191714894545	6.5909950329029545	positive
9.576212435121606	0.6678088978805508	7.595473786275421	2.3889230773740633	3.6379953823808675	3.931873641861915	positive
5.042459161243215	4.106026384375236	0.018167284968866326	9.282232619240368	5.657423175929704	6.478431404965081	positive
9.411667651355705	8.795422035343478	6.057084629659793	4.298313950474691	0.8554948675687302	9.019395322186815	positive
8.168592528103764	4.932192778260225	9.637781946833755	6.485144699415414	0.007902005699423897	6.4446008675584086	positive
5.79784502074504	4.624372399663432	9.681381746298507	5.3046041973368645	4.472701421843098	8.338519256931189	negative
0.39662950702839206	2.287441615175354	3.4056587259415583	2.048927458354478	5.123379359343721	8.849882862294026	negative
9.845831301788229	4.075521580072495	0.1322667997082394	8.893034911721596	8.68658618052005	5.258095060432301	positive
4.55068525253281	8.500723738617896	1.001184743915976	2.294261066683243	7.094277008375358	3.652016624393357	negative
9.222965296028763	6.629127405579881	9.591940105618399	5.864742708887562	4.031926219818506	7.790130085887822	positive
6.235629949289796	3.393189867981572	0.19557966819724104	7.615862996503528	9.35403598221971	7.789860627458928	positive
8.436808079247019	3.60662449857578	9.62177386196571	9.128054937221233	5.655526985296823	4.019947757282269	positive
4.026571162847022	6.8466707508987765	9.607955235728394	1.5413002788052066	1.2285832653960849	5.237041737813537	negative
9.185459864174545	1.7085634744595724	3.6129229464430477	8.581070180673986	5.804747684491494	7.08987458840914	positive
8.731521801529622	2.3505346898976343	7.270442099703231	6.889375364807845	0.29055062457164604	7.65343120246298	positive
0.1259544703255122	9.163721284635619	8.955097876630225	3.333391374649012	1.091084057442827	9.156832704394768	negative
3.4806590173519303	9.348954524110633	5.723947735303802	7.003282755509147	7.4114637595051995	1.0668759921727955	negative
8.275960485360926	3.0785785473782323	4.112325461486673	4.485980226338299	8.091016100918967	2.587021774579826	positive
3.901109698139935	4.451562753172683	6.481633137489428	7.885634261553308	8.73414034425182	5.84963204400341	negative
9.851520043104676	7.267913286081592	8.819156053944281	2.341224987814241	1.3959720156825206	1.4940494416233996	positive
6.054201520911668	5.5588549741996305	5.7310385460375715	2.2770319868016573	5.634496687088872	4.407597028139975	positive
7.055452022665839	7.03725196414918	6.906288793887732	4.44769076837408	7.034043843013585	7.423939823762521	positive
4.15237434681801	9.714905909456093	1.7640004643138674	4.228751930219724	4.929138102197794	4.813657805684612	negative
9.41146035079931	1.711065477906385	2.481357927030169	3.5867041584657633	6.8145952422472575	7.988642293966585	positive
1.438945114340252	5.903139785864618	9.085810193592781	4.798696470282648	1.0284954243037492	5.270864191156404	negative
6.275834985050882	3.8854607442494284	2.822803135865395	9.56564750219339	8.493563427846912	6.090046248474517	positive
5.702949379627502	1.2589328770086117	6.815024908224281	8.26720168069193	6.944674575428715	7.312108238981992	positive
8.583540208559835	1.7529228685130416	9.230221922347587	3.4741389569244188	5.466197194305277	3.1937958365326047	positive
6.50434753606273	1.3423534084175381	0.7901790791887864	8.188458871249917	5.6420671252420025	8.399683937846662	positive
7.473831460968125	3.8154585626749604	8.895014572685684	4.456406837534982	3.0530755701990087	2.134950186939882	positive
8.686753807532401	7.595771318366675	1.7904187445238806	2.9708403633925693	9.364443878239747	2.793400119938041	positive
9.811500256616236	3.881010990295346	2.6358700817722456	4.722148081349751	6.286173640747381	0.9879804051893115	positive
6.63403291078126	3.1485196562401363	2.088501670170219	8.165737705635461	5.575713404806074	3.7664681810139355	positive
2.7362744044494267	4.529814510799247	0.9538476980581989	9.718762160776919	3.6998640729238286	8.527781845037318	negative
5.055886998094285	9.312166394863361	0.9152624295163259	3.7337175058249406	0.8975288313796304	8.364573300138765	negative
3.041455831840041	3.9396560567154526	2.5143758853307796	4.473585709091786	0.10620744538865967	6.25604006216782	negative
5.031921316051532	1.866886750745903	6.646715630758094	8.086817962739431	1.8940130495829655	5.66950653882585	positive
1.553952977620341	9.862861669930696	7.915050440966548	0.03287669058054665	8.147579964254613	0.47197629176670586	negative
2.3634273423817067	8.347316684714357	1.0445520161036204	0.3582438856200332	5.31428041494747	1.032375883421156	negative
6.755587294941997	5.037977375620378	7.8490747469808175	2.7158418943892815	7.879262868557882	7.625437150615795	positive
8.830737285838245	4.614246701968438	3.6975875618889464	9.150994197116908	3.123204960290394	6.914362568453453	positive
6.987828536593615	5.8740799345284085	8.76865612308183	4.201723565581917	7.390449891052725	5.494541621998366	negative
4.178774796222539	3.0094764649383765	4.029297549641095	0.8341862298065328	5.5897555884285115	8.090643598948681	positive
2.9005685291842775	4.937714104999856	3.4785946924349576	9.004374516282162	7.018374823009815	3.4643768683224607	negative
7.0953628247522715	2.1417448923403093	3.552148264051722	6.502949481015801	1.2137453028660528	7.154597328124719	positive
4.865581507223569	2.767598236200719	6.1792490039807015	2.9841253620346686	8.884797352619094	5.326108645216435	positive
0.2407056457519141	3.9922439387951183	3.2540808047539524	2.0513401287021282	6.303236983202764	9.96763510198964	negative
7.246073832328774	4.600274860636761	6.105496920628994	8.617099187495462	0.9685562750214272	4.139554510306111	positive
6.760771768065437	1.5529871169669163	4.480919479579923	5.8282303927861125	1.6071838319243548	9.241611338540132	positive
8.408081994929468	7.564271435477618	5.693310488155484	9.797221888479118	6.747709864373554	8.472823586664687	positive
1.4943189641706645	5.958107378755567	6.9092386673003094	8.29762786694106	4.195876042145486	4.466122257922259	negative
2.734095117963231	7.238402994095452	5.111064138501704	7.089523909284531	3.4690378424195725	4.009783165573899	negative
8.17904257110273	7.218643746238453	3.25954981414832	5.595323247564225	1.493967751335885	4.396289380742071	positive
6.554526013023219	3.712546549348452	6.825313018205263	8.282196973441179	2.5443229910936784	1.4534103740276672	positive
6.886564836020516	5.7509510938204755	7.4456150495675475	6.2947602298120655	1.329509056898196	3.1356778008667274	positive
1.5926849668571441	4.571374128472771	0.7809102810677082	4.590288609443772	7.488444031856284	6.797773536354007	negative
2.272215218735756	1.2666412767393531	4.651988984805242	7.841974259049737	8.483546381801476	6.165520545972996	negative
7.311612510195541	9.771606255606391	1.7571211879245108	9.33061629107907	8.60433441235055	0.43449850481130703	positive
0.21107151442660066	1.9808707033968875	8.232079665011563	5.6114824995862325	9.518219462066593	9.510738992886024	negative
2.3881429986547023	4.023653879815998	6.8527290489289525	8.794027569655874	9.528404948247017	7.835854946833155	negative
6.297524778655705	6.052417791910943	7.77035121071844	5.335041007486405	4.730420486820711	4.464558527577433	negative
7.696282391243496	9.935034510783776	9.035645091504387	8.459744024644246	1.3650012217732266	3.444572686868285	negative
6.39649052240385	1.5937849897929002	4.695783385283575	5.569830278629247	8.620230480721746	5.129673967379117	positive
0.7775439299469988	7.335460336473753	5.79163496716494	6.793242701243612	2.891484010616124	6.222443648606241	negative
4.9288051575756135	4.226618646193138	9.604129740310622	5.052296746651094	9.06953624982599	4.531577610077271	negative
9.27317814710021	4.485524654626403	3.4915903913690096	2.4037200738964137	4.9820162851882435	6.481669447449533	positive
7.423609104663269	7.0949724226962205	8.17238430914838	4.222696521613715	4.881229744698944	2.61920945594051	negative
7.498897584077028	7.469693644564418	3.8801978704067785	3.1631406778580393	8.59720355617264	9.154574357125263	positive
7.742627652730908	7.417986848674194	8.052441734899055	7.241255808545035	1.911701657278141	1.3336690602483392	positive
2.9071240577302007	8.280906254655774	9.627531446822879	1.453493805384528	5.381294855748722	4.652212687894982	negative
8.534978627730721	3.339801619553353	6.328244285819787	1.6314117663244676	8.81124170351535	5.685224373901567	positive
4.0991307426628785	6.803205461560271	9.079406155989217	2.553151550043673	9.905334849434526	9.617833982012616	negative
3.269999805446849	2.137106689318223	8.521500043867551	5.804227691014372	4.534457125668066	7.863914384639077	negative
8.15756952227192	0.06903952823978599	3.936428646066666	1.4319318783109336	2.043850138399258	1.9881408473021378	positive
5.566839737609358	5.236566078528689	4.33885992102627	8.509927172433834	5.055681788831771	3.5950555436196563	positive
6.050457382385282	5.3814040592502455	7.673436533002125	1.1261149712997165	5.868506903187146	7.218547859240067	negative
3.5342199326074573	1.2820366705308306	9.565518955254538	9.440442320933892	5.976105828008279	5.857063654301862	negative
1.736075050408924	4.813888942667086	2.0121025829810524	6.231526187954753	9.122571375490075	0.7867499165541258	negative
4.086629071904671	7.325472409533791	6.017559672132381	2.3275781702711376	9.387236943371601	2.6680969841320588	negative
4.243606696906904	3.4936984678768823	5.9552523693637704	1.8008788491384142	0.9865893487563426	0.23408231294910875	negative
1.4427435051881843	1.5897703371816274	4.1527850540170705	3.845241229564602	7.000371929159862	9.726732701078204	negative
5.629564185295943	5.287352456927637	8.90106561935911	8.570647742236126	8.983863386856799	3.2024372582539353	negative
0.5603707046094497	3.00447291105987	3.7857626543451595	6.175301992544036	0.2987412647182741	9.410620125401216	negative
9.37175982816857	7.993307504400969	0.6416880748536935	3.5763309198170923	1.8731815586303213	4.93565126473972	positive
6.535689675194468	1.5278461377217456	3.9296281915031974	3.3229570849792722	1.5464175580601436	8.98993347122772	positive
8.861204392620504	7.941192365439017	5.920504166648591	3.0403061886196134	9.948740883548572	4.391800111885318	positive
5.002775461615917	5.166775759070042	0.7608635780799222	1.1005676768299	4.71822111794522	9.237380388594856	positive
9.431945315772452	6.638470593586811	6.3258191996151805	5.224639626021508	7.869943541790444	5.904019513295151	positive
2.415873348325299	0.45831920399065473	4.333557308422091	5.414252200547143	1.7137237495234725	1.0951290345450304	positive
7.417420212892386	1.5206729326636792	4.130092724968474	1.6168936160305658	5.877120212637518	7.7733060878346425	positive
3.4788796704622715	1.196502732501361	7.310067214808344	0.2041724020110014	9.095806750364183	1.2167166885165048	negative
8.471026539113216	9.273115448361903	0.08106141252527732	8.338754899777221	0.7573879056328559	8.412019523224545	positive
1.6950234890443683	8.431704288339743	8.572827368627907	4.570328456289467	2.653594443261813	5.407908013211975	negative
4.613680648660118	5.016283108317801	3.7957182323505236	7.607400566654667	8.295683294668557	8.910021607598091	positive
7.429579962025389	3.638108411011789	8.178269085044915	2.5674461213423627	8.52822126878866	2.9574896430456157	positive
4.79130675929433	8.89355219685099	2.325577460348688	4.103975212394776	9.111140696973084	0.9888094554499749	negative
1.4881053196464356	6.681380970323808	8.343230894532539	0.5255553393686108	8.748817805376678	0.13375646989669643	negative
9.103349530810238	4.3721812734712255	0.5210716955734984	9.472115002207959	2.013833783679261	5.158643825450254	positive
5.08442278775171	3.4118155646596837	4.745341494583189	7.041296766247368	7.690072053318955	0.6253499619123148	positive
9.106174892366294	9.56377889796436	9.237217776157555	2.235665229483539	5.440577860765842	3.0093183059422515	negative
4.372434176803218	1.7893498907830985	8.693915396416363	3.8267090515761226	2.160281514149868	7.170297636300592	negative
9.8530205737045	4.879769265312467	2.2484706322862436	1.1358240093774907	2.6039057329179736	3.550355612897973	positive
8.203539401708316	5.191456628037326	0.10294529942544206	0.0789206692219746	8.132185175833653	7.132460218728821	positive
7.59909253007249	1.7454998734570826	5.378352123126255	9.28496225938692	9.022126715763477	8.568337623203327	positive
6.300537116800379	1.5821171547070667	3.6825480967876265	4.971152387767512	9.204100595471433	5.281760840656008	positive
6.714404362707727	8.382068173402281	7.043150053641543	0.2520605687663102	8.740924459740047	9.378781899064942	negative
5.056618981544556	4.49276172363268	2.4632638003011262	8.131892672033592	6.985744636467439	6.788944662552058	positive
1.4896270567558623	8.899975156911575	5.7466013962162785	6.961581429072636	4.302417745678284	4.002236245217656	negative
4.215472844294288	8.090872702579622	8.376161948706264	4.787931433239657	9.095090867699525	9.57633209570795	negative
1.7169739932033101	1.2993306790263215	9.475663844239254	0.4259458856593257	4.203861297933855	2.667593326640718	negative
7.900333798236538	3.1392628649969123	4.921807360233044	3.6547394348648687	2.277003918706825	7.135971771155193	positive
3.548117966545663	2.197329913607895	4.211610226315688	9.257596959825973	3.896856555589868	2.21228991626739	positive
2.0646046903150017	2.373021108244818	1.3575361897395277	2.0648964731449104	3.3521751295819637	5.042428398344324	positive
9.88721665004148	1.0585929624788726	3.5049202977406346	7.6296993054185736	3.3344620974208317	9.075071459532326	positive
0.2566486885121655	4.079635241039803	6.7937178573499155	4.4759941506749366	9.910860871944346	8.299522375716698	negative
3.025954955846294	2.8349743540931236	0.22964512164521333	9.978335128657923	6.547085123381505	2.4221333011659585	positive
4.542564253893034	7.642515896387928	0.1879753617706592	9.981605125854804	2.608586111451059	3.86282840146867	positive
9.269477845343678	4.769637321289273	2.0397705578178913	4.960901104633699	9.931373812676853	5.86521091627353	positive
6.022956873681902	8.024427092128514	3.6277519214615106	9.19411599764676	6.922601884342978	7.010535424692581	positive
3.6813415390603432	3.820297778910308	7.846945383585615	9.796288226081746	3.9261849375180247	9.16785631899553	negative
3.216431076803538	0.994332292814768	0.25587148768921764	5.651899096880806	0.7044880369684048	0.37598389694864953	positive
7.880028089065766	4.937094641762492	7.819958317704102	3.4971071039697	2.926429858209395	2.3347030017607007	positive
8.861002391553892	3.0517806148204105	9.574404386742842	6.344553049703502	4.82563113594296	6.431259316649944	positive
4.980802058245663	5.113814787165063	0.3093913722399122	4.141220191658946	5.893366842408534	9.172784787718985	positive
9.695902597976826	0.03381380681747648	5.106446153589717	7.011690114713	3.761907659602274	3.8917268133136105	positive
0.5701202550652196	2.6331898237775055	6.907627668845361	0.2914362856076702	2.746599940308335	7.532408810914976	negative
6.415068464599183	4.200878086940744	7.0443801278872815	2.359615725362265	5.799024495579151	4.109284566004473	positive
4.144586573866346	7.757458847510255	0.09019581171592073	0.12439852663061024	1.7002847682565636	9.2999984624031	positive
5.208503304158091	8.93450749709995	3.701586904608453	8.406630504576876	4.451628857443137	8.093974736280662	negative
1.2054472762029722	8.877894713353738	4.918481357644787	7.532258681337972	0.009245917674334247	6.242698110254281	negative
9.700918202554973	3.1284908337245287	4.5409080881023005	2.8057193214397502	3.062255990081063	8.749868486981182	positive
6.479514882208095	4.02873359834455	7.828967375195131	2.2671598065197163	4.739002109618361	3.004157050968078	positive
5.3246452035088385	8.84850470239151	7.0997051931241355	0.5409843980170626	8.858977193063915	6.475932946834233	negative
5.188550776984236	9.98301814231099	7.147066325656767	9.556134552374779	3.1299705258693287	7.026291050120163	negative
3.4855019137658036	8.148155414228697	4.184140752483541	3.0329418957972565	5.075465595571074	2.0538053023212055	negative
3.4056931535856707	1.7649489908277638	4.54463298365779	3.0637708237246497	0.697023630344562	6.620218655742338	positive
2.6496167610613974	0.18118446657749865	3.7740636367115177	1.9431549772551526	5.240174406739317	6.153678931400811	positive
4.157371384369229	2.314029819295759	6.953560518650759	6.756667506493892	3.5414827894465093	3.622012590976352	negative
8.643445398978631	2.4031298885018435	5.7681548762347115	8.209741292468642	1.1821495168335316	4.61223845172996	positive
1.7339259305119326	1.792782498308455	9.541347861578759	5.355826698144519	3.4477064030408244	0.43015306525436947	negative
9.05934201409175	9.01765534399768	9.204031115610025	7.78496647983192	0.5332206758090607	7.4919031061826225	negative
8.687273279861827	6.308181528329509	2.1798174336040397	7.472951424534041	6.528546499182525	3.210126129571882	positive
2.3298674658238703	2.54343584739558	4.2008373767538485	8.74105740920352	3.9771712447202368	4.7814444169096495	negative
4.088539470070389	7.8769228375408336	1.670660732239403	9.130177558602705	9.654743483769437	2.7397660639853907	negative
2.504023331156968	6.951076888103756	1.47724135880558	7.760937553400323	1.7470212779236016	4.250977543754186	negative
6.005512065265987	8.659750601480313	6.95032715158404	0.6698051049603193	2.178219097494999	1.922687606524115	negative
6.350071155268331	2.0839237488836804	1.8741987263748816	5.280921054873863	1.0365069568752638	6.5797694936106845	positive
8.895720570127585	8.767571404360217	4.044847525446373	5.6746562239113185	1.907313563526909	8.176265653643625	positive
1.5385363488938864	2.713435320516905	0.43164817365886066	7.790425532509441	5.29974190651987	8.4274089527262	negative
8.096262750875239	5.343001544406704	5.98912788899741	3.6380042994501958	4.626226649802474	9.558621583471444	positive
8.33518736180498	2.6144447270284243	6.897429674464198	7.95108298809277	5.686155531959719	6.955531499267087	positive
9.070367025435004	1.7800862766153824	1.915459004724993	7.035631244212449	1.2278744544011744	4.083220513193839	positive
3.5607215666215843	5.3472371737908535	3.3449847900684393	0.5496591760211011	8.01213974308159	5.61012330622105	negative
1.1309587533904597	6.590723827954665	0.5466095474245736	0.04624113554846154	8.649463882863929	1.720984872811453	negative
4.248848790370241	2.2148513057301713	2.19727528525671	6.965061945465873	3.2161548765122716	4.268843021225832	positive
1.4348329254171943	6.881075743724735	0.2377773899247726	8.418687686027368	3.007471802094405	1.2430738415015996	negative
0.24847724347501488	2.181977550446277	5.3451480025952325	7.272321084266636	8.783890691728514	0.512923169758629	negative
9.902837053403342	8.080968540588021	9.180526874278536	4.467547326907308	0.7112470062777598	8.541155756526635	positive
4.353500897968541	3.7966880215575047	9.250072605573532	6.632405645462528	5.361669701941136	8.511955839119882	negative
3.9908515648822327	9.483761278547462	1.436012019117504	5.558491643305521	5.8238242017064055	7.198388631553331	negative
5.883824083893138	0.5921248672272583	7.568548247445706	7.876478637263469	9.990687572163804	8.368848238397083	positive
0.8762224195370971	0.4068774014777199	2.973438456017087	9.981441796955284	6.8100886509062715	4.7894455889874665	negative
8.055963654764772	6.650077543803851	3.657059144396786	1.6808482457363383	1.9766212365620195	9.661862231151515	positive
5.441298158479354	9.07144306107238	5.065704030217299	8.156171911453576	0.1853358046110809	2.1715244456496094	negative
1.1368801385131933	0.4137637597704036	0.6344774583914803	8.282306078222344	2.3371594821007924	6.085057240796898	positive
4.580229014404899	1.4142580222778411	3.2941790502758597	5.619075585701244	1.914405479765754	6.49389833475826	positive
6.030376261521128	2.21844387231425	7.909327231626083	3.9844367532489846	4.6163569962212065	3.615531259979783	positive
0.8213519764392685	9.37142115123689	9.438958077150607	4.242308123299383	4.0195799251102935	8.998451094418172	negative
6.454945746210054	3.984917787289678	5.232068070194971	2.7791774951873984	6.285423068191007	7.4572448900326656	positive
2.3831921299790784	3.188824476159755	0.9238564250527515	0.2721607318337693	5.384706127593885	4.19881012736248	positive
0.6826757978811215	0.05536126410574993	9.511063646381295	9.12359220612948	2.224361728215669	5.402301912160475	negative
8.749008664072624	4.092739076974463	0.8347484055625354	8.770884528981597	3.687686870909257	9.595929713950534	positive
5.461671676605665	3.0499724424840577	5.532424143986781	5.482353593949747	7.251344734949658	9.330494864211254	positive
4.178289055536641	7.359796208874581	8.267262710738589	9.227489842682466	3.5914541119669643	2.6917624174704855	negative
8.374268228211475	2.0369490152882386	0.13948226553982312	5.728458185985145	4.284036223623827	6.79958910880941	positive
9.642778966717675	0.2196314039320879	8.660697879133878	2.884336859633714	3.456457870453007	1.2722987358824878	positive
9.718540290628853	6.231505297220724	4.7420284825766625	8.288626409745648	0.5203529299802867	0.36886035816176665	positive
2.1924448513987773	8.95880205120326	1.4584735879626531	8.717363636746075	4.930933389631492	1.4127346532964713	negative
8.863576358847494	2.209881632891959	3.7171184069092567	6.269786664717733	1.650082205934934	0.09720531708052427	positive
0.27980565055040096	8.518571295082841	4.864362728558537	8.112079045882478	2.697922599421636	6.6706255764965245	negative
1.8356584278832666	7.4232240162012575	5.40454319796011	3.296922791483381	5.281915561806453	1.058856368548915	negative
1.999761285398215	0.3328096492571031	6.444808021366349	2.7922642388727614	3.6230917678557173	8.831120668181896	negative
9.15265637370027	6.149220873554797	8.156923866850466	5.861991624628424	9.815046085347124	1.562237271415572	positive
8.280518951563623	8.270337539414903	3.011198223067877	2.274666487125984	8.611441642739686	1.2989945815893023	positive
4.241133211007032	4.2955980575049155	0.0366323428411508	5.404011978302661	5.316551633887462	2.7224382373903913	positive
4.877346594703276	2.557066600572692	2.5962001986891603	5.425623055291037	7.044474388146141	7.836243415455178	positive
0.342093468689747	7.381914013661628	7.112864689981203	5.7309017166335865	3.595092465329117	7.15056189271419	negative
0.5063431289222586	0.2795224816263764	6.753022347401611	1.0630198242630695	2.9763523012632307	2.456222142812466	negative
5.9280541870242445	7.131166565212267	0.3494591220129828	5.717103400262503	6.69152108125966	4.652928189060868	positive
5.885567066847134	2.4287978207922247	9.037437208326997	9.051551535928592	6.905997899540645	7.634227954333451	positive
7.200904746344476	9.300949595086735	4.328489591595661	0.27412942103017257	6.13509289746236	9.192719544163273	positive
1.9448514689387508	8.94243278719684	8.904931583977394	1.1468914985250234	4.343543516078419	2.9022991927650854	negative
9.19538235441397	1.4193940227464785	5.661017651645977	8.544256929796749	0.3310939806975177	2.012748468439037	positive
9.486377961719091	8.444679797930704	2.738600553668986	8.714917931799302	7.329464373557251	0.7788544410107623	positive
0.9491879596923547	9.05179734757757	4.123203744480516	1.1048603515836575	8.736630078477909	6.151010573345916	negative
6.432168223943885	0.5703382989988104	1.0302701008763249	7.239032114287065	2.162234513948654	1.851387355462043	positive
2.783807972086938	3.0413317425230546	3.1454804842843744	4.030174238443667	9.524578067313529	2.84470208301843	negative
9.132535325986282	9.174867079739528	3.4244395087996793	8.679164467778609	2.8083440215278213	1.7862845781921977	positive
6.22977713175475	5.116899712334632	7.1907463175788155	8.120267099900337	1.3035351519844507	8.101317627471603	positive
7.525296372462202	1.2685476194361311	9.302384954106756	6.801272428691041	6.613628780406424	4.781196599708569	positive
6.879903388126714	2.4622385428543514	4.294256259941752	4.999076408668046	9.320032209246438	0.4489422560658596	positive
9.067128669907273	2.143622648837712	8.576300610650792	5.690781927973938	6.1575074416026645	6.293314470465836	positive
3.411174297505384	2.7556291265459043	1.2066381650307278	6.47363382547689	6.178090652232658	8.337298032420039	positive
6.98744626118308	3.4628020875830448	5.468550643186372	2.026005295589205	7.3859963004424625	2.156101469440684	positive
9.22166476004402	4.125705787860628	3.3794665648659237	0.24801486154694907	6.323876348446648	7.465653897497937	positive
5.567017267551645	0.7113604938806983	2.200621332925281	0.14037043841120478	0.8632189788658529	6.916077665889518	positive
7.217548931271435	1.0762565178530736	0.7511288737610355	9.35467090685071	0.807044951457776	6.426228805085689	positive
9.687330230541239	5.642994583887706	1.9855783654196346	9.361317876769967	6.276138582497679	5.452359630331662	positive
9.985801801968826	9.205713485860509	4.814071700652937	7.403104623265742	3.6863613345628634	0.2788668805643868	positive
1.0453912133666288	0.5251783166155388	3.625890293896632	3.0887296409460197	3.738849782631629	3.850883027346116	negative
2.222606510170795	2.323124934503684	0.7514411618585926	9.695392950091644	7.030104637571972	0.16493503329394366	positive
7.2387759595742285	5.060235936685769	7.828271974945596	2.1702878996497867	2.3400701821911896	6.852316189690704	positive
6.2719001208622585	4.023448883963246	7.093881768883068	6.507806943455793	7.000135575501584	6.8197061946912125	positive
7.797820963506631	5.864726172080566	7.36536884554392	3.5424384831686706	2.4734084482418783	4.831141448029502	positive
4.972649114165465	7.956358695002402	2.031874351643248	9.319319212771262	6.824582365940258	3.1908592649058987	negative
8.41990766798033	7.966809476031624	6.091029529785297	2.1247268832499486	4.341150779311537	6.64049049637098	positive
4.820845548411079	2.773595552356981	1.4852151918952128	0.7565309390725927	2.473905378711666	7.497781969805052	positive
8.732796819655945	9.657516812971364	2.045754061988785	6.466905097652003	8.52912395195945	0.3141007868882628	positive
1.4201617729368932	7.283080761809305	6.632592684959127	1.6396497338200233	6.068394447841156	1.497487202689597	negative
2.3115272812280474	6.529564987535127	6.309532645994268	9.630912725126391	3.4567866782012246	9.68796112801189	negative
4.114666074922733	1.73020132613384	3.787975904934735	3.2184638181826273	9.0654561034979	7.827305666007267	positive
0.1719060872739464	9.07255482181093	5.5523593192823135	7.815871934727758	8.90096348690908	5.718369155928848	negative
6.952774085273557	2.768250286346631	4.317694713345651	3.7874579631513807	9.299621033695827	5.784970074176207	positive
0.18222610642062653	5.7758240983255575	3.4236030066369825	2.969629918017528	9.605213143588472	9.452475219350378	negative
4.202215738361228	2.815120412511214	7.35743561846859	8.01568080904731	1.2680647993666094	2.339911832496936	negative
6.736427809510629	1.4234223613233854	4.879273484506104	8.334887847984309	0.495100708424453	3.1679813194042836	positive
4.593467159981323	1.7098752918020765	0.14042004400726227	6.013834274593539	9.554352088457163	7.44593539562662	positive
4.423141978096812	7.846882693605072	1.4839511958076435	9.905087415160335	7.34176016145633	4.650230890162232	negative
4.479882555597113	7.312414123218187	5.109029358006895	1.2262238168447626	8.941598127040262	2.589059714528678	negative
0.45627433491716385	2.621729968908242	2.6983595849577346	3.0622699579541246	8.314996110823047	0.5210179374761259	negative
4.926406555344935	6.707491974155144	6.068119619508514	0.36030399071149355	8.155562470088585	4.043113008098073	negative
7.298171503144879	4.437708424977254	3.574678619850802	4.277064388598096	2.049391792513781	0.17128872748849333	positive
6.228776722124869	5.599989333872282	7.458981421780856	0.7769821860447268	4.964362031125093	7.451271619842917	negative
5.543844676107264	2.619100254708923	8.37383100794887	8.304591420372985	3.262889177865839	5.470563086082613	positive
8.968797826068867	7.284449246838637	7.491879361609104	6.929734707011703	9.804274259658218	5.379545775256172	positive
8.925834230139213	1.5924550988061814	9.98003562660966	3.5378888831605257	4.111205930233118	9.914092548695596	positive
7.969616644652326	6.045141089375841	2.0695973058448858	5.772847094861425	0.5540265245018128	1.5173633606055403	positive
6.76949364503454	9.160625668415538	9.049548601413651	2.404751320304659	7.171142006779853	7.203042869433086	negative
2.5626811813032124	2.1436690024597773	7.955451719192464	4.615335709404649	8.49027613939008	3.693794064235628	negative
2.746881532942963	4.003920325908982	4.368081631450183	1.3306234462388233	7.902965230547659	5.005588386067824	negative
7.643796193436218	5.673556942584343	9.87157385572502	4.077752288073735	1.8657214957844703	7.142206759141978	negative
3.056967727898611	2.744999620373777	6.524060072786586	0.8491962422781685	1.672019131948247	7.483759496308538	negative
7.901591607723816	5.843201749587434	2.6354178110173923	3.858247414457648	9.59319193113013	1.131686191989174	positive
7.757125826649647	8.631100443196276	2.695530443534283	2.027101053901612	3.7816240449399396	6.351950165092317	positive
6.263882695700518	6.871732056462139	0.12669342351012025	2.5198534464615774	9.922661436613115	7.684458540470437	positive
8.786293472310817	1.9462897018558667	7.903802843282811	0.17687842106456908	3.6961224739744827	7.111696925311655	positive
4.535531032276116	5.172032809348477	2.989267740512566	1.9046077648683513	3.0857017854175095	4.452802234307533	positive
9.997865079171751	9.802500295780863	1.657206637169415	1.6542142225360812	4.771208292852798	5.630934357081264	positive
2.999061339906619	8.220636562702438	5.272785142822789	6.837243349696105	9.069423455284502	3.61808037177385	negative
3.3482461727486434	9.199590477545538	2.4877756048851096	8.756051416722208	3.758845468499359	2.445443531735061	negative
8.61371314982055	9.188235944011575	1.5603496231429315	6.120867319879122	1.9792321696523019	0.9240263776348856	positive
1.1966590223431217	0.013882231256404642	2.810178684418325	1.8341296125732753	5.360290137717476	3.6904038070495315	negative
1.6708051408376046	3.5838606156048014	3.958849832809308	8.412234468519884	6.960269128910424	9.535360752453418	negative
4.738669599018564	2.787548356386307	3.9873802621941445	5.786021428098343	3.7508499466034237	0.14933603038737586	positive
5.228054636939938	2.750713028394869	7.188407251655313	8.201528786857201	9.068455918591688	0.5341393540745465	positive
0.039114553210298775	2.35764718107672	4.9967761268594355	0.2488658388874465	7.725698988121104	9.858572091981033	negative
3.3313205602025375	1.7863625957909002	8.031763595860959	1.9613848380293986	1.6046667969367645	8.586548789671978	negative
5.412556201023726	1.0870321710418929	6.023020431938566	2.859484104579897	8.692710546431496	6.443706310808784	positive
4.511407704294697	6.432397482605716	6.821689613782671	1.5663597290718967	3.634449144089685	8.032559358507248	negative
1.327717869076086	1.9370548291003598	1.3723363990624216	2.7119355382975607	0.7849891179555146	9.900041587132346	negative
8.982075829088625	9.620328029450182	6.276989643502461	2.655084648862026	8.189432642132989	1.6140910228611216	positive
8.236934919850917	0.14497279283656628	9.864440402332152	5.087097043628576	1.8455083733662003	9.96536405132617	positive
7.623039083641721	5.946940131654593	0.7613823565070432	5.894536956091471	8.057373069373885	3.8519928497491396	positive
0.24664893986862224	4.722016150915451	8.21267111369319	8.189521458825183	9.755587982376557	4.267717215991054	negative
0.5619938655743995	3.5025437777962445	4.444239611861761	2.634658904011953	0.2816818382790931	1.1398607022838525	negative
7.188263851095953	5.349671939745666	6.594670067318522	1.1394518723311597	4.688303939872912	4.854225577441262	positive
3.919879569523701	1.6525392419044371	3.491375204239431	6.581051214241953	2.2680636534955956	5.718881081674391	positive
3.101902123369861	3.0941938397046487	0.7328776710962626	9.06092029518725	8.361428628202939	1.9042003060075519	positive
7.094650001483163	9.883078139273016	7.505051450681036	5.576582282365138	6.589038791679868	5.451653137988034	negative
1.4341529707437595	2.348643023575475	1.2778417157774014	3.6026215242043524	2.580050346798044	2.8792587146303052	negative
5.465580344456336	3.3157123183896897	2.25614788486289	2.9261137976508964	1.633925717327137	2.687183103816798	positive
2.2439252055381163	7.807670806772236	6.393269038206681	4.5427524158313055	2.4782667772938503	8.137277139232276	negative
6.3310860309021955	1.4679498301128602	6.192751399864406	3.822547664980198	5.7133262295191125	5.310618632514402	positive
2.6208913091883135	1.4363080948944107	4.2990289532742745	2.771981150837184	3.417656084143601	0.3016811778504447	negative
9.570434944550067	7.124451775008412	0.2468192706436556	7.081174827701583	1.2280460909948487	0.4501670739189789	positive
1.4053857972156636	6.25745784761345	8.599826375686083	5.523704531967951	2.8467719734215047	8.192634195036433	negative
0.35961297489646826	5.4688623007215265	5.666301166646993	5.650761437233294	7.281218859547595	5.264187930342099	negative
3.5573944368653008	3.394647644564194	4.81964777257811	8.425013444948675	0.28354546203816944	6.745613375886289	negative
4.283731749787338	0.9343474434925525	0.6401716744383001	6.175572030935878	6.471455666429567	1.0915274822128262	positive
8.399555147078033	6.801632241394495	3.325729554882707	4.066334423638173	5.5078730580110875	0.5129506216974344	positive
6.476242856164393	1.4309639262230756	9.618028447178204	0.5079897597685823	8.470105413433993	3.1994396892617685	positive
2.042820415360953	3.217159919977577	3.2548581472051294	5.217320384816001	9.945200833347153	9.606157458070344	negative
5.676125582306492	9.912895023814189	1.8077297870411901	2.635708996120929	6.866982412729597	1.9312832020906323	negative
5.025201546601491	8.423908045258422	7.987153585784319	0.5297354729168979	1.8277262604733535	6.426028161012259	negative
2.119158286718302	9.714991333060071	8.311271222236392	7.453511462709276	0.269682296573992	5.609749855464912	negative
6.329251696797539	1.2812552680336609	3.8297842305452914	8.137087397868546	7.125819786309058	8.472132281259258	positive
9.353127074580968	8.116356197473912	2.771736234507781	2.4840543865524936	5.9591589132400795	6.803556396528774	positive
9.111765094708625	4.251959549800134	5.900663183795963	5.651621144899879	5.380071126621373	4.745639850842171	positive
4.867885125036725	7.423042075219573	3.8874698719509437	6.685281121597852	7.829552285312373	2.0729530284425026	negative
